-2144118797
-2141508057
-2141141800
-2137148265
-2134086795
-2130036935
-2129032434
-2126354903
-2121709976
-2119452136
-2115372361
-2113992680
-2113516678
-2097954432
-2093321643
-2091355071
-2080056768
-2069997861
-2067518319
-2065909243
-2061268776
-2057915431
-2052021824
-2049885232
-2049371124
-2043750558
-2037278344
-2037063831
-2036702687
-2028513381
-2027361362
-2018007804
-2017520196
-2014179228
-2001295797
-2000674750
-1996703988
-1987529476
-1985106655
-1979134449
-1977274238
-1973779504
-1971472640
-1968333682
-1967529984
-1957144458
-1940318697
-1939959021
-1938958890
-1938427652
-1936008698
-1929094586
-1925997477
-1925002533
-1924740199
-1922494416
-1922337573
-1920913506
-1915420863
-1914987625
-1909588560
-1906621761
-1906266170
-1896123618
-1891614957
-1883381762
-1873444538
-1868256532
-1867905012
-1860312190
-1856602187
-1851662973
-1851158507
-1846468755
-1845976754
-1845369384
-1845316623
-1844942342
-1834917742
-1831700722
-1824434779
-1824312941
-1804847942
-1802913439
-1801047028
-1800211870
-1794760834
-1788791032
-1775458426
-1771727382
-1768981034
-1766553797
-1765539416
-1762633406
-1762094017
-1761685102
-1760353477
-1754272172
-1753657476
-1751026765
-1742841160
-1742165882
-1734577805
-1733209888
-1733043518
-1725104403
-1719818240
-1718434090
-1716718478
-1711134596
-1695420961
-1691575738
-1684195924
-1682325498
-1680758119
-1673631685
-1669270299
-1669101349
-1657171558
-1652728873
-1651391726
-1641876323
-1641769375
-1640129781
-1637362884
-1635737108
-1622573399
-1622265888
-1621995370
-1619109615
-1604670015
-1604598540
-1590702094
-1586746874
-1571259703
-1569427464
-1567704369
-1564400076
-1563327445
-1555719848
-1551183666
-1546832958
-1535307816
-1527601864
-1519102639
-1517740765
-1512549655
-1511797073
-1510213385
-1504519336
-1499191635
-1491629187
-1491420850
-1486349747
-1449271269
-1448127818
-1445211292
-1434630429
-1431088058
-1423799451
-1415255490
-1405281057
-1403636051
-1402514417
-1398574339
-1394617609
-1394612118
-1393173944
-1389795497
-1389657713
-1384051544
-1372038517
-1369334868
-1368825375
-1365962963
-1361200727
-1358491191
-1357595258
-1357151982
-1347400930
-1343751398
-1341496940
-1340617315
-1339204446
-1337262801
-1332714846
-1331979901
-1327887745
-1326838886
-1324849021
-1324682870
-1324276053
-1316664269
-1315113282
-1310925688
-1307600581
-1299694641
-1297633055
-1297092344
-1296429632
-1295126930
-1294188766
-1279000769
-1278505333
-1275900918
-1273808697
-1271082602
-1270546173
-1269366464
-1268108964
-1256786170
-1254998471
-1253177574
-1251107887
-1247511052
-1245819489
-1245481984
-1222703486
-1196989315
-1183457726
-1183352295
-1178596319
-1177702285
-1165312106
-1163804929
-1157520323
-1150286569
-1149166778
-1148086221
-1147448877
-1140143241
-1137403350
-1135462416
-1132582473
-1130997177
-1123678858
-1121104305
-1120753012
-1118094667
-1108208804
-1102939664
-1102553474
-1093684867
-1092751366
-1088960242
-1087297951
-1084788116
-1082885350
-1080621030
-1080316735
-1078094421
-1074833613
-1049983496
-1043603554
-1032697680
-1026160473
-1022355337
-1021762933
-1021605423
-1016977004
-1015285476
-1007070512
-1005632526
-1004884029
-990383412
-989282438
-980869298
-980199583
-979804464
-979063382
-977670802
-964306671
-949334779
-935386967
-927335020
-921282162
-916120655
-913333003
-907848866
-890913625
-889981842
-889109784
-887748705
-884384694
-882745329
-879698748
-879455558
-874131037
-869465511
-862992921
-859125749
-855477587
-852178512
-844155358
-836659358
-834464169
-833682328
-832340647
-827816783
-824110395
-820981311
-820359854
-813341170
-812950183
-812856210
-803985456
-799602613
-793344561
-787699675
-787281593
-774651253
-768822378
-767846455
-758593340
-757863832
-755998182
-755505786
-754069864
-753924342
-743335404
-737393059
-732652321
-719368998
-716283229
-709847917
-706662846
-703965028
-703249258
-701493592
-697206398
-688798641
-684095313
-681987651
-677348285
-671198678
-670361856
-670001898
-668096954
-660976382
-657595405
-652615334
-643326358
-635783103
-628756532
-626142528
-624904731
-612624835
-607587827
-601201010
-597257286
-596933513
-596331056
-595912362
-595208511
-586989272
-585596655
-584007520
-577317656
-560987203
-559171584
-556927545
-552372918
-542616575
-532627936
-531009203
-523670627
-523467864
-521457079
-521038896
-520956530
-509616056
-500874930
-497674921
-496138567
-494270842
-492557662
-492150714
-491096371
-483457681
-482154514
-478400020
-477751573
-477103517
-476501772
-472432564
-468708931
-467444944
-460507278
-456192539
-448793315
-446742167
-445165871
-443817319
-439770400
-438327360
-434652261
-432833038
-431921890
-427997177
-424736044
-407934620
-394473716
-393677276
-387503022
-386880497
-386273699
-383758756
-375086360
-372208375
-366539397
-364656817
-363066055
-358984206
-357749398
-350306190
-347152938
-328210307
-320797836
-316379350
-306519890
-304747124
-303331424
-296077872
-291920885
-288311428
-286275351
-281574756
-278575266
-273795481
-272030753
-269380487
-265707030
-261622712
-261482543
-249033791
-248281269
-245174284
-242717211
-239562253
-238946934
-234284887
-224030090
-221573193
-218826329
-215184258
-211349834
-209231516
-200516811
-197251571
-195786750
-195194871
-194735612
-192766058
-188514029
-187062545
-184975110
-176778812
-172962248
-169312143
-167054671
-166305503
-165980455
-159445479
-158894567
-158641894
-154863255
-149860393
-148785018
-145056343
-138863839
-127919399
-126801811
-124316170
-121659130
-120860424
-117739301
-116344612
-109238957
-104246362
-101046712
-95802151
-95241917
-92542105
-87228382
-86059077
-84518673
-78591792
-72525268
-69277045
-54131798
-46758887
-46260248
-44889542
-41465689
-38611215
-38162211
-35996990
-34676719
-32892566
-28876961
-25782922
2627905
8522404
17563659
24120920
28175836
36378386
37979466
47370042
52294330
52706339
57826457
58026655
60191701
64187621
66058573
67373647
69376125
70122727
72484482
74231960
76023843
83773838
88057795
93560992
94760520
94795951
94818405
98908915
100777350
104223834
115775801
119076271
120019327
120242917
122985246
125325667
133442358
134585679
136281266
140318672
146990485
149303139
151120811
154009166
154595784
155209348
157087445
163315189
164183187
172345086
174430407
174940488
177752861
179496603
187406341
187935408
189936447
195165571
198357919
202420108
203516280
206092099
207314806
207674958
229003395
233212397
239666822
239998717
242676436
247045388
247557923
253050307
258347305
263393761
270392091
270463797
271321035
271381414
271899000
275114878
275835581
289240775
291492136
291705803
309087798
314344071
315925322
317670605
326799616
335038671
340393288
343660702
347792597
352531343
352762449
364209252
364558723
369251644
370422328
370750553
373091436
377194485
377219330
385446780
387940327
392089022
392559182
400759716
401965176
410631690
412509206
418165223
421567580
421912585
425957485
432000866
433367198
446686193
452245576
457259853
459460449
459812687
466811174
472519634
472687040
478534368
486731832
487118868
499352939
499482149
504664992
504978205
506365692
509011889
511015469
525529197
534479760
546387645
552381706
569488162
571227916
579012381
586696362
587563883
592076231
594526012
601466924
605789155
620214932
623270760
625236625
626245972
627195599
627329469
632795343
649356308
649474903
655500475
656666952
671834300
673673016
680410301
681000806
684473428
685196923
686787331
689845638
699144363
700794936
708359397
710460335
713703472
716710271
717683826
725920717
737431173
738931157
741148025
742550580
746723014
748010507
752282196
753535346
760595674
762962203
777820714
781500969
794323232
796057306
797341712
799999197
808328633
809296282
809845041
812749411
822675304
822722098
832640541
833603119
844640966
848905673
851101287
858469223
866738970
873018273
876369070
880551134
888712541
888871202
889745396
897481479
900304037
910053666
912169943
928706516
929805803
933533406
938175334
946521234
951725886
970562012
970879596
977067272
984682515
994001210
998540785
1001036636
1005796401
1010039676
1026630059
1026736693
1031641039
1033785846
1035123332
1038357142
1039632772
1044999087
1052515480
1054130977
1055404806
1056047895
1061716491
1063517985
1068435978
1076599389
1079601187
1079620802
1084257946
1085514153
1087994170
1089333401
1092152927
1094676955
1095991766
1097463497
1098909928
1099773427
1105790206
1111793431
1120471826
1127337953
1129848384
1130317353
1142340631
1145741676
1151034719
1151391927
1158365781
1163347772
1164162488
1170188016
1184696062
1188505434
1195544079
1195638276
1198629268
1200528825
1202070668
1204108445
1220580899
1235748684
1236212279
1239330524
1249347213
1249632557
1258021090
1262781590
1266931387
1271898877
1274854967
1275966033
1276350701
1278314604
1282068934
1283496550
1292776530
1297667339
1299313214
1313598254
1319348270
1319597255
1321111942
1333831347
1337869185
1338486152
1340886283
1349225565
1351893680
1352034855
1353421368
1359913583
1367044145
1376245308
1379247575
1380914930
1386800548
1396917523
1401307777
1401755561
1406143724
1408325114
1411889590
1412688895
1418117071
1419333617
1421820811
1422161968
1441560200
1446543469
1447273135
1461998728
1467406863
1468873071
1468990887
1471308598
1471825375
1484530580
1486430966
1487597725
1489099939
1489376077
1489654404
1494073883
1494587508
1500854246
1501783286
1507952464
1510005281
1522039205
1522384178
1523047047
1544464869
1553456099
1563837737
1572592634
1573275378
1589416617
1596170744
1597225480
1597779776
1604478304
1606247595
1606606805
1607071944
1608058681
1608737015
1611377952
1615384759
1615868170
1619217525
1627882694
1629859252
1636270578
1640043182
1656255432
1659314423
1659730196
1667594996
1668580905
1671109535
1672407198
1674943182
1677444978
1681494619
1691570613
1694840053
1698112210
1700166548
1701322114
1703299462
1703791353
1705617830
1711696396
1713584644
1717424525
1720864796
1723398507
1726970973
1732316267
1749557506
1761050689
1766385525
1773886691
1784443631
1788485222
1788666596
1790862487
1794003058
1794410965
1798354821
1809954674
1820459123
1825183540
1828058971
1831315475
1831447422
1832854349
1838925567
1839834535
1840122979
1840275508
1855762091
1855910287
1856184469
1862137358
1862646844
1863095306
1865481529
1875271314
1875888176
1875949697
1880717656
1884827303
1886696239
1890365731
1897631525
1901164909
1903499772
1905426064
1905558196
1906334968
1906484828
1908360964
1910488429
1915560163
1917912481
1929666158
1934364599
1934394174
1937853858
1943405252
1946314914
1948236176
1948784417
1949848407
1951806866
1956517769
1963045616
1966439449
1968373248
1973345901
1980036457
1986473408
1992710898
1994766874
1995256424
1998760389
2004322377
2004652931
2006813798
2011303850
2012514214
2014061832
2020836313
2021330881
2022809607
2027888435
2032295139
2033784216
2035578201
2039703455
2045200954
2046913859
2050105623
2064467814
2064908022
2069386536
2081026084
2081458083
2086685536
2100420473
2102134869
2107213301
2118397774
2121750846
2127651364
2135179984
2140298737
2145065052
