1095991766
-2043750558
163315189
748010507
1855762091
-979063382
-224030090
1406143724
977067272
2046913859
-1016977004
-117739301
984682515
1905426064
-1384051544
-124316170
-1834917742
94795951
-668096954
1839834535
-1511797073
233212397
873018273
-1157520323
1412688895
385446780
1319348270
1164162488
472687040
1840122979
-1775458426
1553456099
-836659358
-1856602187
1948236176
-1765539416
340393288
-2065909243
-1405281057
2039703455
1418117071
-2119452136
-1504519336
-862992921
-601201010
-116344612
-1150286569
-2130036935
-272030753
57826457
1951806866
994001210
343660702
938175334
1838925567
1195544079
-1922494416
-38162211
-2144118797
133442358
-1273808697
1120471826
-248281269
-1341496940
605789155
-626142528
67373647
-1571259703
270392091
-824110395
-188514029
271321035
-448793315
2135179984
1611377952
136281266
1380914930
1880717656
-1754272172
-296077872
100777350
335038671
-1586746874
1713584644
-92542105
1142340631
1446543469
-1121104305
-491096371
-1564400076
-2091355071
1884827303
-2057915431
-95241917
1946314914
17563659
1063517985
699144363
115775801
-149860393
373091436
625236625
1487597725
370750553
808328633
-2067518319
1608737015
-716283229
239666822
2011303850
-375086360
1937853858
-980869298
2100420473
-1622573399
1359913583
-820359854
-234284887
-320797836
-624904731
-281574756
1589416617
910053666
1809954674
-2080056768
93560992
487118868
1522384178
708359397
-1340617315
649474903
1865481529
-1331979901
1831315475
-1270546173
1875888176
1973345901
229003395
2032295139
888871202
1875271314
-989282438
-652615334
-754069864
-1163804929
-1315113282
1489654404
1258021090
-1026160473
-176778812
-2028513381
-1132582473
1283496550
-407934620
179496603
326799616
206092099
627195599
1130317353
1963045616
1694840053
-2052021824
-852178512
1949848407
-701493592
998540785
725920717
370422328
-1967529984
-2049885232
-1868256532
2033784216
1349225565
-350306190
-1316664269
1052515480
-1641769375
174430407
1672407198
-1906266170
-2027361362
-386880497
-1394612118
1447273135
-476501772
1717424525
1615384759
-1742841160
777820714
741148025
822675304
-1365962963
-1082885350
1087994170
-531009203
1084257946
52706339
242676436
155209348
2035578201
47370042
-1920913506
-1015285476
1145741676
809845041
-1254998471
-1844942342
202420108
-1760353477
-560987203
-1719818240
1701322114
-684095313
1840275508
499352939
1629859252
247045388
-2001295797
-1753657476
-195786750
-612624835
-1929094586
104223834
472519634
579012381
742550580
1471308598
-2037063831
1376245308
-209231516
187935408
-1711134596
1773886691
2050105623
-2037278344
-1936008698
-2093321643
-1957144458
-1527601864
-1108208804
-1389795497
1998760389
-916120655
-215184258
1099773427
-127919399
2127651364
1044999087
203516280
289240775
1573275378
-492150714
1943405252
933533406
1703299462
746723014
-879698748
-1718434090
717683826
-72525268
369251644
452245576
-1845369384
1441560200
253050307
-1802913439
1061716491
632795343
-1619109615
1698112210
1619217525
-482154514
-328210307
1615868170
52294330
569488162
-1296429632
-890913625
832640541
1321111942
1105790206
1668580905
-1294188766
-1725104403
897481479
1098909928
1766385525
1636270578
2020836313
-787281593
410631690
1235748684
1980036457
-671198678
1039632772
1788485222
-492557662
-1824434779
-719368998
1313598254
-855477587
-913333003
1353421368
1249632557
-1177702285
-1751026765
-87228382
912169943
1092152927
-1691575738
-732652321
1079601187
-757863832
-1924740199
649356308
-907848866
207674958
-607587827
1640043182
-1637362884
76023843
509011889
-949334779
-467444944
-1996703988
-1909588560
1934394174
-1398574339
-509616056
-753924342
-1135462416
-1021762933
-169312143
1523047047
-372208375
172345086
-660976382
387940327
98908915
-2018007804
-1183352295
1726970973
-358984206
-812856210
69376125
1299313214
-793344561
1749557506
1127337953
377194485
-597257286
-1968333682
-154863255
2045200954
-1084788116
1129848384
1929666158
195165571
1202070668
-200516811
-1794760834
-879455558
-109238957
-688798641
2012514214
1886696239
-460507278
-552372918
-1590702094
1031641039
822722098
-585596655
1825183540
-192766058
799999197
2118397774
-194735612
-1762633406
2145065052
-1279000769
-1788791032
-261622712
1948784417
-1973779504
-2134086795
1340886283
-1149166778
64187621
60191701
-799602613
1486430966
1033785846
552381706
1094676955
-1640129781
263393761
-1761685102
1038357142
-1569427464
1572592634
-394473716
-1824312941
-286275351
-273795481
-1092751366
-2137148265
291492136
-1078094421
592076231
291705803
-1546832958
120019327
571227916
876369070
-357749398
-889109784
1862137358
-472432564
-703965028
1798354821
1421820811
-1032697680
187406341
-2126354903
1691570613
-1271082602
1054130977
-935386967
275114878
94818405
466811174
2064908022
412509206
1828058971
-532627936
-1846468755
-167054671
421912585
-737393059
425957485
1249347213
377219330
1863095306
-316379350
-1074833613
-1567704369
177752861
-438327360
-1987529476
-787699675
207314806
-774651253
-347152938
-812950183
-1269366464
-1118094667
-1393173944
-1939959021
-523670627
1467406863
1333831347
-635783103
-697206398
-393677276
-95802151
-364656817
880551134
-69277045
-874131037
620214932
-542616575
-1196989315
122985246
-1402514417
-1307600581
-104246362
844640966
-387503022
-758593340
-1762094017
-427997177
680410301
-1669101349
1906484828
-670361856
-84518673
713703472
-1222703486
1956517769
-2113516678
-494270842
1010039676
-1022355337
1794410965
1700166548
-977670802
-1347400930
-768822378
601466924
-1137403350
1056047895
-1733209888
-1245819489
-35996990
-706662846
-46758887
-278575266
-386273699
-1088960242
-439770400
1788666596
154009166
-1394617609
-1415255490
-1147448877
432000866
1507952464
1494073883
1076599389
-269380487
-1183457726
-1005632526
1544464869
-834464169
-743335404
1607071944
-242717211
655500475
1606247595
-869465511
36378386
-827816783
626245972
1484530580
275835581
2081026084
-595208511
-884384694
685196923
-2115372361
-1519102639
-1178596319
1597225480
928706516
-927335020
-1551183666
623270760
1195638276
-2129032434
2004652931
-1491420850
1337869185
1608058681
1522039205
2021330881
-195194871
-78591792
-1080316735
1271898877
-245174284
315925322
1986473408
1790862487
1461998728
8522404
1188505434
-1434630429
-304747124
149303139
1656255432
-443817319
-1080621030
-165980455
627329469
-1448127818
-496138567
271381414
-703249258
58026655
586696362
1401307777
-1299694641
-1120753012
72484482
673673016
1200528825
1220580899
1596170744
2107213301
-446742167
125325667
-1971472640
1079620802
-657595405
88057795
-2113992680
-1845976754
-2141141800
809296282
-1622265888
-38611215
-2017520196
-249033791
-1102939664
1276350701
-1268108964
-25782922
-1669270299
1501783286
392089022
-1324849021
-468708931
-239562253
-145056343
-1043603554
364209252
-1256786170
-497674921
-1891614957
-921282162
1097463497
-2121709976
504664992
-556927545
-1925002533
-1253177574
1671109535
154595784
-1326838886
1151391927
-643326358
-859125749
1367044145
-500874930
1408325114
-303331424
-424736044
900304037
-445165871
1761050689
37979466
-126801811
-755998182
400759716
1026630059
1934364599
-197251571
797341712
587563883
-218826329
74231960
-1148086221
1262781590
681000806
-1673631685
1005796401
1001036636
888712541
2027888435
-559171584
-521038896
198357919
760595674
1992710898
-1635737108
1705617830
66058573
164183187
-1535307816
2627905
459812687
1905558196
1732316267
317670605
1278314604
1319597255
2140298737
-1339204446
459460449
525529197
-1337262801
140318672
-1804847942
1489376077
1489099939
-291920885
-681987651
-2141508057
-882745329
1915560163
689845638
2069386536
700794936
1236212279
1820459123
716710271
-477751573
929805803
-820981311
1422161968
1597779776
-2061268776
-1140143241
1352034855
-844155358
1908360964
-1977274238
-1389657713
-1831700722
-1651391726
-166305503
-2014179228
-158641894
-1938427652
364558723
-1431088058
486731832
-1883381762
-1403636051
534479760
1266931387
1606606805
1917912481
1401755561
-1343751398
1563837737
671834300
1089333401
-1247511052
-1873444538
-28876961
-1695420961
684473428
-1357151982
-1251107887
1875949697
1026736693
-1766553797
-1445211292
-477103517
174940488
119076271
347792597
1239330524
889745396
352762449
-120860424
-148785018
-1641876323
-1512549655
1198629268
2102134869
-586989272
-1925997477
-1372038517
-265707030
-1906621761
762962203
2121750846
258347305
-1021605423
478534368
833603119
2014061832
-383758756
-1914987625
70122727
-54131798
-889981842
-1657171558
-159445479
151120811
-577317656
-138863839
-1682325498
546387645
737431173
1906334968
1890365731
-1734577805
866738970
1794003058
-184975110
421567580
-431921890
1204108445
1832854349
752282196
1901164909
-211349834
-2097954432
-1851158507
656666952
1471825375
-172962248
1659730196
-584007520
-813341170
951725886
-238946934
-709847917
-101046712
1085514153
-596331056
309087798
-1979134449
1862646844
-187062545
146990485
-158894567
-1801047028
-596933513
-1510213385
-2000674750
2064467814
352531343
2006813798
-1733043518
1784443631
457259853
1910488429
-1332714846
1297667339
94760520
247557923
1723398507
-1860312190
-32892566
1995256424
-2036702687
-980199583
-1275900918
-1295126930
1468873071
-1896123618
-363066055
-366539397
-1517740765
1184696062
1681494619
-478400020
-2069997861
-86059077
1703791353
-288311428
1968373248
2086685536
-1938958890
1627882694
-1604598540
401965176
189936447
-1297092344
-755505786
858469223
-41465689
781500969
-306519890
-1940318697
753535346
506365692
-1123678858
-1768981034
-964306671
1282068934
270463797
-1491629187
392559182
239998717
686787331
738931157
-46260248
1292776530
-833682328
1274854967
-1800211870
446686193
-595912362
1677444978
1111793431
2022809607
-832340647
1170188016
946521234
1035123332
-2049371124
-1449271269
1720864796
-1985106655
1674943182
1903499772
1856184469
1386800548
1411889590
1897631525
314344071
812749411
-1004884029
-261482543
271899000
1055404806
24120920
-521457079
-1327887745
1855910287
1500854246
1338486152
1966439449
-887748705
-1771727382
1510005281
594526012
-1845316623
1994766874
1604478304
-1684195924
-1563327445
796057306
1351893680
83773838
157087445
1667594996
1163347772
-44889542
-1361200727
-1310925688
-1652728873
1158365781
-1867905012
-1915420863
794323232
504978205
28175836
-1358491191
-1368825375
-121659130
970879596
-1102553474
-221573193
-1357595258
-628756532
-1423799451
-1049983496
511015469
-1486349747
1151034719
-979804464
1659314423
-677348285
-1680758119
-1499191635
-456192539
1711696396
2004322377
970562012
848905673
1275966033
-1165312106
1494587508
-1087297951
-1278505333
1379247575
-1716718478
-523467864
-767846455
-1245481984
499482149
851101287
710460335
-1555719848
-990383412
-34676719
-1604670015
-483457681
-1093684867
-803985456
-1297633055
134585679
-1130997177
-1922337573
-670001898
1419333617
-434652261
1068435978
-520956530
-432833038
418165223
-1324276053
120242917
-1742165882
-1851662973
-1621995370
1468990887
-1369334868
-1007070512
1831447422
1396917523
2081458083
433367198
-1324682870
