94599162
-1263396573
101288487
-1778863639
1209266661
1250635854
1519262734
-929838141
-223864982
-223944069
-1903873706
-696138102
1328857801
-1417931032
1752976335
-460625051
1424739322
-1117239864
505819226
-856918083
29246450
-1519268813
-579478065
198153304
-1987010523
-1555625122
1412927008
933898662
-1417176500
1555285771
1725310398
-1651464869
1960626279
1852405570
956151099
-1441725123
303444229
378437953
-1833832144
1638579006
1802264515
-464286800
-2072394656
1574452941
1272888849
1879925273
1404002333
772792168
-466734020
876944278
789999338
342273141
133322407
1226275019
-640660127
1691977298
2071831387
-883446506
1776315734
837659818
-1047948349
1601767173
-705607875
-627352054
-940865873
2022059016
1848409544
-1047896909
-1759525214
-1130112153
1946097620
1305570481
1099444297
638086261
-288557947
-18407636
17841480
-399475706
371514799
428048125
79722300
-257131235
1463344247
1461154436
1877448445
1214914793
561296441
913827512
-1977625565
286771698
1866901420
-1884809346
-287627061
963608207
-87233468
-275805889
-2071360101
-568717669
1817997271
-400717900
1125675522
716333160
-1459891069
-416989693
-138742588
712775922
-214448434
-1755661297
-1528913739
-2116021417
1868829198
747273483
1093185988
1676958598
263132938
-72727728
462693947
427597879
446925025
704339313
1032396868
606818330
-1307667414
828614795
-1169531986
-256190894
-1493248932
614720480
-308429839
1475979812
-739067024
-1989727833
1986082415
156968427
1586712516
-510615267
-49439492
-1135978161
12739650
-2048279073
373099680
2140883638
-1953386815
-1012621189
1449329819
860511225
-1607835478
-1723110333
-1035966040
-1618950565
1627596254
1609475685
2138962310
1607492022
188526039
-537791944
377221811
436742902
-891608307
385335000
-770837382
136723915
655701146
1935784436
801528624
-2080164454
1817679392
-1159390234
-1008427847
-56743500
-98166294
-1039195901
321808721
-139478839
837929297
-1417198540
1530107016
-1583491170
1938661216
-1935536443
-84342130
156325630
-2107520581
447779196
-1694018128
-938912531
1712821180
-962209043
-2002946014
1045957923
1215717342
1550647052
747707903
842513592
-1966320802
-1646296061
-1754174579
-572682981
-977037281
1073039430
-904795196
-19154360
959404237
1489253859
1878483728
1082353721
1550441285
1870092062
-126317995
915004317
1703894324
-1849024451
1744893492
-1124333113
1148688125
-1106378081
1829023372
-473517079
1611270368
-1836212973
-1877525949
-305626751
1873245784
478289254
344007494
1892077074
-1054526525
923051837
-354732339
1408572951
-1266865592
-1498491867
300352995
-2125828300
-350243340
-835018520
-816813531
1239340974
-1207778778
-593273822
846992073
574564637
-1990473683
-481400301
-2092737054
-800355744
-207055825
-1545866827
1170080225
-200196912
-2121993140
-1230190832
-818001058
-10551113
-1559644670
506209997
2142040856
-405353213
-598501934
1958811401
1237176378
-868823498
1536623908
-1120632468
-1941509408
1119805600
1175448167
-459908487
1536668376
1664547280
-1905606788
981297702
1128685228
-563202745
-382291372
1579321775
-1949976864
-1907263377
986098647
1167157926
-76164745
137617867
-1881054969
1429617487
1963360700
2110945134
-1510026651
-894387158
1428848702
-197146447
718527891
-1421174064
-469332197
-780437728
64144698
-1376246270
-206037375
1967446708
391238445
1202171646
16987506
-285788857
-1737000754
-1206572012
99590854
-1942935229
-1088581200
714928249
337230454
-1980733539
64203901
987860315
-1376050410
1860552961
2017623578
1304834101
1739880355
-1051376050
330359560
-1518333340
1361625471
-669481915
-594734323
680971769
147328696
1553065596
-1327305965
-657151025
-1737054064
-842441320
718434639
-1650114848
-1462587847
-2100599622
967309221
-1905139500
1928468447
-1896488391
-1503035318
1785783258
-1311808020
-1117397102
-507295574
-1923772997
-1153728377
74730652
1400348300
-258199508
-1332769956
912212479
2132042612
-1190202781
968995234
-467634458
-520953272
1423253484
-1775489447
-364323341
2142034742
1093144764
-1652157228
-1329291917
192670164
2095447686
-176054922
-186001709
-1532581496
1475107661
-1384383808
-462950063
1181826089
1806204218
1306983050
919886838
-2093148442
-521751634
1691678608
-571671870
48118118
-690677349
-1466704080
1366799145
-1142279375
2024847631
-456372367
-1641428034
2116524878
-1746349039
1248203079
1584993069
1300946476
283993776
650343188
-68943249
-1667791419
-962906536
-440462
-698528200
1758158848
478741095
566332463
-1185244238
-164944042
-526472705
-1773994600
-775074704
-1369534024
-241673443
-1498932742
-783837795
-431756880
1604656874
1713658213
805262963
-792619578
-1754179759
-1901158989
1686331891
555627044
-2082274863
1973690056
873410514
680403068
-1328098413
-134785254
-323737422
204452393
-427130178
-1782401933
-632356463
-392343404
-1823354614
877596917
-1145906554
-657504295
-1661391981
270153822
2111509673
1165825961
-435031057
-1100350067
1519391571
717778545
1385285250
-339958715
1710906503
301609660
1408193040
36676400
241355951
-423870763
-998468461
-1929248219
2048250250
146846383
-177761970
82303149
-1538596764
-1636696055
2009584673
2016981187
-1437557880
961877197
414209567
39506395
-1454286093
-210155591
1470273373
1265219621
-1844769718
-722998464
-147258868
-466207726
1578147340
851421874
648800970
-1750913514
2027579915
-440003174
-1187659212
290024111
156128024
1576795494
1401965503
511355558
499091965
1382517069
-519180856
1919587221
-940495441
-770628499
-831557912
481938600
-1482278204
-346117581
-641223539
-1290331225
-1677951454
-1144359681
-238790970
-1217999309
-1384677640
699020038
-322232995
-1272908977
1199281138
-1768708742
1858714154
1419454754
-2025285720
-1322537495
1419138214
-553975046
1938223190
51269090
1922349758
-1512420460
24174290
-1589347107
2067614441
-2005489766
-1093842758
1571223644
-429921412
1843027052
428896748
1004237389
-1261526212
-637255901
-1840621253
-1618230862
-1027561676
-1745809454
-1529762722
1900870019
-285740599
-926366450
102074155
1051101650
-356468981
194415536
-1645252091
1846005552
-528266675
2048556760
-1284353133
-209931185
-384415497
-1028629451
1623869874
1557678568
1015553690
355907716
210541996
-2045347618
921974340
227965014
1217808297
790901411
1315532053
1782747413
-1249200795
89113563
1764530706
-1677437368
-51656669
1654205758
754663224
115922709
1709129185
372549314
-1113606188
-697823225
960821708
1779413240
1684633617
1227289874
201646070
1531664565
137441746
1329698771
28457029
-1784377099
-1883639103
-1055199717
1225641134
1307428605
-339898456
-1736180562
114243235
340464831
-603721473
-1159435705
-592375863
1175762305
-1597369147
-1792360737
1916991982
-279338817
-659105389
434819886
1170190906
-684298416
1223223021
1937060977
1951703971
-1361908024
1233798875
-954564498
-1372869466
454756126
-217348936
-663093835
-1302393805
-1418865011
-403610295
-739576793
889891304
-37214274
37587984
1778682299
623717762
-241326554
590062050
473966463
-868312688
535196845
-1652436809
-806442275
227106152
-14873968
-145971008
-1585912032
716051039
1866627719
751551167
2053651253
1686722611
-1833072599
-455756910
289161141
-952728372
659238799
-1404099313
-153169630
-1805575388
1014858552
-340121577
-354944400
1807891842
-2052062164
-861924379
1635222471
1439076077
1512495203
770279079
2118265223
-1288947744
562070374
1801280335
-1924350068
1160774201
-1292368586
-2034718550
-1878014798
-1344552841
2104460141
-312533584
-773707109
578253860
-216407901
-171684066
-973974097
205645712
538699283
1755564610
142645604
-1263751489
-572267651
891748629
529446079
832750500
931195213
1500865422
678171417
-81776242
741409019
874265140
-1480665818
1691648993
-1896872011
-746514955
489023027
-1410274295
-1303965892
2020272438
982557102
1407079084
1765173515
-1126490581
-433271573
-5847010
-1760378947
-1708048793
-1265374939
1117849625
-1563434321
-1507262538
-873651774
1889797293
481961956
652986922
541678298
-537678731
1514768425
1080822643
2043880441
1685544971
-1194862215
970058612
2126811940
-807548227
1060490146
1176909330
431049754
-1403448704
7375655
14782030
-1730988069
584684324
-1839976856
-355254635
552382573
1767676105
1001738496
926169686
-566549283
1162333585
-741441170
-1997527851
1545697668
673271446
1214538998
1450668350
-1193170805
1837079582
380483017
1410002941
-365861200
-150218483
-734363805
-492675764
-504508343
841223578
-219661004
1234486541
1139696265
-783130299
-609828990
-1136472103
926401793
-1112965112
430701197
2020625752
567486313
-127557940
-923589645
-688156718
1201092512
120902430
-1580875178
-59347706
226227185
-1132416478
-2049731781
185464890
1289936280
-1807848761
1011378997
-1200928365
-1328459900
-999698628
1335718978
-100079962
-1833763491
-1985805918
-1546293644
-300048306
-2129207609
464369666
615110355
670497215
1496910568
1040993152
-1020716927
1370123483
944785448
769656528
799288351
2074484676
465458231
316368873
1103907183
438230962
-1414649773
1554663673
-1412985030
1373795589
-1029980725
335488152
1611515252
-554523491
-235596098
229894463
1531747741
817787497
-1329819864
-1033891845
1302664553
-954959554
2031139358
-458429859
-813047902
-247305239
-855748776
2009881524
1889597261
-1417473146
-1639650064
1560637822
1888010507
-417505517
-1610632855
109940506
1686331074
1420580927
-1733365262
505159874
1745951100
657527176
1597018346
-1844311623
-743635570
-418586236
168343718
871186880
1382892796
-1894547586
1177878130
559175117
-1350923236
-389425852
1440756182
-846413825
-580334472
-1730176450
-269657063
384453323
-1246418439
121572290
-206261238
1106572155
1280024128
1475303079
2025163261
-1914306599
-1539772841
-390363625
1286369300
-487310553
768857736
878250921
330113727
-1779265967
-168652659
-471452497
1507063173
-1790744731
1869617129
474620107
1696253955
1817617474
-2036936556
1803881928
605669173
1007613071
1597797341
-342291290
1681686260
449242863
78997388
1520464886
2071461823
-981658254
478405446
-1154964632
-1089004355
1479681358
-1408661451
305982626
-1224866302
217746894
1825066727
-1560890030
-1156136175
586242697
1546252150
-2027608442
330060193
-682074921
-376231959
988806458
1435659427
1325760641
-1040546598
-209825742
1414807428
-469485641
26251352
-807182582
-142308945
776811078
-192836850
-585056629
-1729235371
1843778569
1438061476
-751929793
1745529968
-1948508512
-1744674715
-2031164602
1465092
2108359264
-1854017759
-2063764373
-914471513
1860061834
1417662292
-1331391631
-1985538748
512530622
-77337977
976768947
1429762331
2091983793
789049078
-1109877269
-577068021
-573166307
-1589067662
-394837679
978506259
1562141433
527143816
-97865241
246317590
-54878230
844830435
-744975341
2079817694
919912184
239292142
-1244162707
745888354
1665103492
1318913981
1372701402
-334364085
900886137
1097072941
1663937497
2093698228
-1303837246
1380006217
-1672091876
1735614001
256211707
522516719
-1298412454
-2132917742
-904827798
1768064690
-1947502749
1220227561
-1515068624
454665218
-397121420
2117882184
-1181459013
114833546
-234138164
-1617436209
1006472574
-1860120615
1270809215
546976613
1387903972
-1356280508
-127717751
